[COMMON]
Total=1
[TRAIN_REGION_RECTANGLE1]
CenterX=1498.44582043344
CenterY=747.089783281734
Width=160.705882352942
Height=160.705882352941
Rotation=0
[SERACH_REGION_RECT1]
CenterX=1500.03095975232
CenterY=735.993808049536
Width=404.8173374613
Height=366.77399380805
Rotation=0
[PATTERN1]
Name=pattern1
HighSensitivity=False
Accept_Threshold=0.5
AngleLow=0.0
AngleHigh=0.0
ScaleLow=1.0
ScaleHigh=1.0
Approx=1
