[COMMON]
Total=2
[TRAIN_REGION_RECTANGLE1]
CenterX=2049.85283474065
CenterY=1497.70808202654
Width=517.558504221954
Height=515.088057901086
Rotation=0
[SERACH_REGION_RECT1]
CenterX=2076.78839438766
CenterY=1533.81985830965
Width=1983.01187226208
Height=1705.26257529867
Rotation=0
[PMAlign1]
Name=Circle
HighSensitivity=False
Threshold=0.5
AngleLow=0.0
AngleHigh=0.0
ScaleLow=1.0
ScaleHigh=1.0
Approx=1
[TRAIN_REGION_RECTANGLE2]
CenterX=1721.83390920894
CenterY=1162.19176557669
Width=88.9387166185562
Height=87.1696010596454
Rotation=0
[SERACH_REGION_RECT2]
CenterX=2049.07774290901
CenterY=1497.06702955927
Width=869.940934329656
Height=869.940934329656
Rotation=0
[PMAlign2]
Name=Hole
HighSensitivity=False
Threshold=0.5
AngleLow=0.0
AngleHigh=0.0
ScaleLow=1.0
ScaleHigh=1.0
Approx=4
